207.346344 -53.244400 42.689438
-101.911568 -66.644234 -5.790778
165.931732 -133.653030 37.949997
193.271835 162.565338 45.078911
102.365807 -186.336426 23.975710
195.514282 -129.937393 33.730232
117.444748 -73.398178 29.572060
70.278725 168.148407 29.512346
-160.246796 -41.062744 13.958850
155.559647 146.976685 46.409485
-137.877228 17.266865 15.429596
164.009735 -57.773006 38.346573
95.803688 109.634674 36.376251
-138.276367 119.200699 19.810696
135.717697 139.263931 42.145172
131.172913 97.351837 42.503601
-123.547256 -120.978325 10.455812
-112.212898 -95.107529 1.375141
-106.388123 -148.868759 2.675224
180.833771 -158.897888 30.886396
167.650543 -94.943512 39.289860
-158.713364 109.959755 20.294647
158.288513 -151.627975 36.423847
75.047668 -121.864807 14.691059
81.946884 81.598778 33.516220
66.944778 78.047798 29.841278
102.351868 59.722954 36.841835
93.890083 -46.767349 29.910641
166.829880 -123.972595 38.637268
165.985809 167.857529 45.733688
191.305664 -169.885742 23.679089
-101.053001 158.344620 -2.483163
128.386948 -134.401016 32.772301
-135.881638 16.001097 14.700100
-159.008545 193.214386 15.560537
200.956467 -57.794415 43.323818
-95.774002 -65.287132 -9.931179
-132.233398 -129.072906 13.589575
-124.845688 -137.244034 11.632537
-117.328102 -159.693893 10.761534
-184.487366 -35.571003 11.126994
59.707603 74.818871 27.915628
61.799564 64.916977 27.416023
74.261932 87.156227 32.278908
203.674759 -147.208557 24.892878
100.866081 -146.792114 27.421707
73.229561 -137.941620 15.174205
87.860718 -119.368477 20.614605
100.475700 -67.639679 27.995481
-112.380539 -157.392227 8.596317
47.332275 144.696228 24.603613
-102.588333 -72.741455 -5.337767
-178.136856 -120.994118 16.822832
-130.051086 57.576256 14.738029
-126.661972 95.168808 17.544317
-110.846390 -140.932129 4.795830
-173.871094 41.281082 16.380999
202.207260 23.651493 51.326885
202.832230 22.229877 50.995293
188.385468 95.068756 51.321068
-178.921280 83.191483 20.659472
-145.839523 -141.120392 16.998802
-114.670334 156.559097 4.809511
121.960716 -116.579994 30.664658
-126.526993 180.333832 12.443519
205.593079 -61.971306 42.867279
132.219513 -85.920380 32.450325
113.025612 -89.431656 28.672829
110.073647 -142.909088 29.493849
156.883942 -64.022873 36.649963
123.799217 -79.980522 30.729439
174.342957 -97.195038 40.629662
186.936920 58.868080 52.764565
180.889618 172.381500 44.547741
189.225418 183.220047 39.909527
190.253738 188.435577 37.571465
-149.438034 61.461761 18.377609
78.817780 -56.121826 24.461346
-162.720795 -160.057983 15.329910
92.815125 -105.485138 22.857183
135.921112 127.027054 42.464970
100.256699 102.052155 37.422039
101.991165 100.840088 37.765976
122.467972 156.581879 39.275925
123.295013 139.100815 40.055351
64.811356 106.486794 30.696661
62.759689 103.100479 30.399633
94.790115 100.498840 36.480209
96.322502 88.807068 37.072109
154.130417 -145.355133 37.160442
170.372345 70.034576 50.054012
-178.348419 195.669403 17.532299
-180.514069 195.037338 17.333458
196.827118 -43.641937 43.911118
136.451385 209.304764 35.608688
-107.870773 188.243103 6.336783
-152.720871 -47.395134 14.052187
-107.854683 178.219315 4.405485
69.300934 127.422211 30.994690
79.811325 131.166290 32.827980
155.734192 68.219528 46.552345
208.087143 40.906403 48.950932
109.779266 198.252625 33.624645
201.242371 -170.777618 18.634151
-151.885193 -155.288483 15.923172
-185.066742 -66.150406 14.496855
144.160889 -102.237381 35.161022
-113.809471 -96.825111 2.822085
-167.752304 100.662308 20.510653
-171.443481 107.079697 20.463730
-98.102211 -143.903824 -8.000847
172.351578 -158.163086 33.416378
186.548050 -134.247742 35.150589
146.753021 201.990875 37.321533
195.276855 175.964355 40.481083
76.342484 -153.286484 17.986359
178.615692 -97.986008 41.151764
169.710220 -66.800697 39.949448
190.908905 -73.912415 43.214558
162.500137 163.164124 46.315620
101.146873 -165.814102 27.588976
192.361588 178.384995 40.653397
169.806076 -128.662674 38.108456
-120.676346 169.708740 8.699078
-144.973648 208.675949 16.131405
-144.540649 -61.503998 11.712950
174.125961 181.580902 42.498608
220.902161 -54.121620 39.129063
-143.483536 86.481224 20.486544
65.321159 158.324585 29.334507
-91.690002 173.853455 -4.639705
-111.795929 186.079071 7.753064
-143.761398 189.661163 14.693487
86.133522 116.253891 34.445187
109.956573 156.607895 37.112350
-170.556656 135.346436 20.545660
100.229057 184.440720 33.356766
-97.062454 -50.228745 -10.814658
-158.412048 -125.379150 14.255711
141.977478 -77.967583 34.076790
-121.624138 156.864609 9.131033
-133.807159 167.086731 13.292650
-163.892181 103.673462 20.473969
170.726410 -143.101883 35.852905
177.329483 -136.941101 35.924812
133.614609 -174.421143 30.922318
-117.134743 127.745163 14.813160
-110.266533 -86.658241 -0.579895
67.299797 -146.984283 13.570524
91.869019 -72.095108 25.466471
-123.131729 209.769043 15.637165
-136.390381 196.935852 15.492990
195.153656 -87.051872 41.755005
200.980103 121.753418 46.436363
-90.355896 -65.227867 -14.321933
-111.794472 83.298553 11.244762
200.766754 96.128906 47.543514
191.788620 94.375191 50.387867
206.958252 119.690430 44.673710
169.283112 -80.696503 39.340244
173.286926 -68.792618 40.662819
175.408112 -78.980812 40.464184
217.968643 -26.627150 38.381527
160.929794 155.592056 46.957073
180.503754 160.106140 47.983295
199.861374 -74.305679 42.915329
187.243011 -86.680771 42.314766
168.462769 -125.245773 38.599098
165.263855 -117.941635 39.075993
215.859589 97.149200 42.393288
-124.192268 -128.501602 10.535406
97.793961 -162.552216 26.625082
109.194221 79.228096 39.400909
62.439579 68.997658 27.956272
55.862251 78.646454 27.432821
214.374588 -68.560478 40.864964
77.789551 -127.207825 16.225082
77.562767 -147.032608 17.885590
-110.272308 -48.255219 -0.208146
-160.110001 44.822853 16.752712
-171.107544 -72.332680 11.383688
-170.165771 116.066147 20.315823
-121.104347 194.891785 13.345584
80.629608 -96.854355 18.532022
83.566383 -108.514091 18.892294
-131.678589 166.824707 12.644276
151.614136 -99.994568 36.470993
116.913315 -97.481735 29.383215
116.761124 -157.417816 31.483543
-125.638016 160.373474 11.194987
130.514099 -67.649780 31.804085
-142.086411 204.674759 16.205267
120.350082 -165.935425 31.045361
-165.813049 135.993011 20.479706
179.482849 136.376083 50.842266
181.365112 -155.304169 31.622211
216.235245 16.588245 44.733616
211.134125 10.420080 46.260628
-159.946381 -116.064125 13.667654
-178.955872 34.611153 16.358881
130.440063 75.801422 42.197510
-114.311905 -145.008713 7.561654
-109.463150 -134.136581 2.067371
-117.654579 -90.029480 4.005853
95.083458 192.103088 31.576193
-163.651657 -165.806671 15.656385
69.242249 -69.872261 18.527004
72.940758 -70.524979 19.724829
-158.513702 -169.403442 15.778980
-162.918442 204.517792 18.452068
205.032761 32.908646 50.568901
142.231689 159.994751 42.567650
-125.816284 111.174255 17.634134
111.017769 117.650131 38.714203
100.469406 123.648041 36.672512
131.180573 140.481522 41.368118
65.303230 102.352707 30.896574
91.208572 99.966789 35.821709
-147.627594 194.674377 15.121415
-149.985077 196.538712 15.231777
152.536652 102.192017 46.510281
-168.437668 184.592621 15.043493
-114.056511 171.357132 5.970597
-115.490799 199.544998 12.042006
164.344818 123.190155 48.877094
168.307526 134.358521 49.580925
176.548981 52.288795 52.055695
130.257187 173.937927 39.743710
74.958336 131.534714 31.949707
84.449059 158.799698 32.623516
88.012360 144.979706 33.742615
98.595108 -120.692650 25.342218
77.701035 172.188766 30.464775
215.288818 -32.132607 39.853909
-92.971992 -127.696304 -15.191242
-94.080765 -110.154373 -13.239399
-115.028763 -138.231079 6.896321
120.770760 70.171700 40.817860
197.688934 -126.135307 34.058876
-122.311562 -161.995010 12.365030
157.551559 -66.806465 36.812809
111.947914 -155.012955 30.541702
106.974182 -82.304596 27.536987
127.027191 199.386566 36.501595
141.920456 180.752441 41.231213
210.145798 129.442474 43.251816
-151.865082 105.038811 20.305801
-143.888245 108.852951 20.139698
-174.751343 -60.045750 12.106900
205.417984 -98.918816 37.634983
205.468338 26.355082 50.377434
-158.382446 81.833237 20.617683
83.329117 -160.645233 21.602409
-169.390915 -177.143082 15.997643
90.326447 70.819595 34.341106
-141.667099 -102.194321 13.753520
